# Blender v2.78 (sub 0) OBJ File: ''
# www.blender.org
mtllib cubes.mtl
o Plane
v 5.975255 -41.180046 -37.367596
v -3.799840 -39.924217 34.341946
v 30.502216 26.887474 -35.216244
v 20.727119 28.143303 36.493298
vn -0.9311 0.3397 -0.1329
usemtl None
s off
f 1//1 2//1 4//1 3//1
o Cube
v -9.729811 4.299445 2.154632
v -8.706870 5.477664 0.903476
v -10.320068 5.633885 -0.268355
v -11.343009 4.455667 0.982802
v -9.137203 2.690907 1.124380
v -8.114263 3.869125 -0.126778
v -9.727461 4.025346 -1.298608
v -10.750401 2.847128 -0.047451
vn -0.2963 0.8043 0.5151
vn 0.2963 -0.8043 -0.5151
vn 0.8066 -0.0781 0.5859
vn 0.5115 0.5891 -0.6256
vn -0.8066 0.0781 -0.5859
vn -0.5115 -0.5891 0.6256
usemtl Material
s off
f 5//2 6//2 7//2 8//2
f 9//3 12//3 11//3 10//3
f 5//4 9//4 10//4 6//4
f 6//5 10//5 11//5 7//5
f 7//6 11//6 12//6 8//6
f 9//7 5//7 8//7 12//7
o Cube.001
v -8.544596 1.082368 0.094125
v -7.521655 2.260587 -1.157031
v -9.134853 2.416808 -2.328862
v -10.157794 1.238590 -1.077705
v -7.951988 -0.526170 -0.936127
v -6.929048 0.652048 -2.187284
v -8.542246 0.808269 -3.359114
v -9.565187 -0.369949 -2.107958
vn -0.2963 0.8043 0.5151
vn 0.2963 -0.8043 -0.5151
vn 0.8066 -0.0781 0.5859
vn 0.5115 0.5891 -0.6256
vn -0.8066 0.0781 -0.5859
vn -0.5115 -0.5891 0.6256
usemtl Material.001
s off
f 13//8 14//8 15//8 16//8
f 17//9 20//9 19//9 18//9
f 13//10 17//10 18//10 14//10
f 14//11 18//11 19//11 15//11
f 15//12 19//12 20//12 16//12
f 17//13 13//13 16//13 20//13
o Cube.002
v -11.775694 1.943007 4.656945
v -10.752753 3.121226 3.405789
v -12.365952 3.277447 2.233958
v -13.388892 2.099229 3.485115
v -11.183086 0.334469 3.626693
v -10.160146 1.512687 2.375535
v -11.773344 1.668909 1.203705
v -12.796285 0.490691 2.454862
vn -0.2963 0.8043 0.5151
vn 0.2963 -0.8043 -0.5151
vn 0.8066 -0.0781 0.5859
vn 0.5115 0.5891 -0.6256
vn -0.8066 0.0781 -0.5859
vn -0.5115 -0.5891 0.6256
usemtl Material.002
s off
f 21//14 22//14 23//14 24//14
f 25//15 28//15 27//15 26//15
f 21//16 25//16 26//16 22//16
f 22//17 26//17 27//17 23//17
f 23//18 27//18 28//18 24//18
f 25//19 21//19 24//19 28//19
o Cube.003
v -10.590481 -1.274071 2.596439
v -9.567540 -0.095852 1.345283
v -11.180738 0.060369 0.173452
v -12.203679 -1.117849 1.424609
v -9.997873 -2.882609 1.566186
v -8.974933 -1.704391 0.315029
v -10.588131 -1.548169 -0.856801
v -11.611072 -2.726388 0.394356
vn -0.2963 0.8043 0.5151
vn 0.2963 -0.8043 -0.5151
vn 0.8066 -0.0781 0.5859
vn 0.5115 0.5891 -0.6256
vn -0.8066 0.0781 -0.5859
vn -0.5115 -0.5891 0.6256
usemtl Material.003
s off
f 29//20 30//20 31//20 32//20
f 33//21 36//21 35//21 34//21
f 29//22 33//22 34//22 30//22
f 30//23 34//23 35//23 31//23
f 31//24 35//24 36//24 32//24
f 33//25 29//25 32//25 36//25
o Cube.004
v -6.503415 3.987001 4.498294
v -5.480473 5.165219 3.247138
v -7.093671 5.321441 2.075307
v -8.116612 4.143223 3.326464
v -5.910807 2.378463 3.468041
v -4.887866 3.556681 2.216884
v -6.501064 3.712903 1.045054
v -7.524005 2.534684 2.296211
vn -0.2963 0.8043 0.5151
vn 0.2963 -0.8043 -0.5151
vn 0.8066 -0.0781 0.5859
vn 0.5115 0.5891 -0.6256
vn -0.8066 0.0781 -0.5859
vn -0.5115 -0.5891 0.6256
usemtl Material.004
s off
f 37//26 38//26 39//26 40//26
f 41//27 44//27 43//27 42//27
f 37//28 41//28 42//28 38//28
f 38//29 42//29 43//29 39//29
f 39//30 43//30 44//30 40//30
f 41//31 37//31 40//31 44//31
o Cube.005
v -5.318200 0.769924 2.437787
v -4.295258 1.948143 1.186630
v -5.908456 2.104364 0.014800
v -6.931397 0.926146 1.265957
v -4.725592 -0.838614 1.407534
v -3.702651 0.339604 0.156377
v -5.315849 0.495826 -1.015453
v -6.338790 -0.682392 0.235704
vn -0.2963 0.8043 0.5151
vn 0.2963 -0.8043 -0.5151
vn 0.8066 -0.0781 0.5859
vn 0.5115 0.5891 -0.6256
vn -0.8066 0.0781 -0.5859
vn -0.5115 -0.5891 0.6256
usemtl Material.005
s off
f 45//32 46//32 47//32 48//32
f 49//33 52//33 51//33 50//33
f 45//34 49//34 50//34 46//34
f 46//35 50//35 51//35 47//35
f 47//36 51//36 52//36 48//36
f 49//37 45//37 48//37 52//37
o Cube.006
v -8.549299 1.630563 7.000607
v -7.526358 2.808782 5.749451
v -9.139557 2.965003 4.577621
v -10.162498 1.786785 5.828777
v -7.956692 0.022025 5.970355
v -6.933751 1.200243 4.719198
v -8.546949 1.356464 3.547368
v -9.569890 0.178246 4.798524
vn -0.2963 0.8043 0.5151
vn 0.2963 -0.8043 -0.5151
vn 0.8066 -0.0781 0.5859
vn 0.5115 0.5891 -0.6256
vn -0.8066 0.0781 -0.5859
vn -0.5115 -0.5891 0.6256
usemtl Material.006
s off
f 53//38 54//38 55//38 56//38
f 57//39 60//39 59//39 58//39
f 53//40 57//40 58//40 54//40
f 54//41 58//41 59//41 55//41
f 55//42 59//42 60//42 56//42
f 57//43 53//43 56//43 60//43
o Cube.007
v -7.364084 -1.586514 4.940101
v -6.341143 -0.408296 3.688944
v -7.954341 -0.252074 2.517113
v -8.977282 -1.430293 3.768270
v -6.771476 -3.195053 3.909848
v -5.748536 -2.016834 2.658691
v -7.361734 -1.860613 1.486861
v -8.384675 -3.038831 2.738018
vn -0.2963 0.8043 0.5151
vn 0.2963 -0.8043 -0.5151
vn 0.8066 -0.0781 0.5859
vn 0.5115 0.5891 -0.6256
vn -0.8066 0.0781 -0.5859
vn -0.5115 -0.5891 0.6256
usemtl Material.007
s off
f 61//44 62//44 63//44 64//44
f 65//45 68//45 67//45 66//45
f 61//46 65//46 66//46 62//46
f 62//47 66//47 67//47 63//47
f 63//48 67//48 68//48 64//48
f 65//49 61//49 64//49 68//49
o Cube.008
v -3.277018 3.674559 6.841956
v -2.254077 4.852777 5.590799
v -3.867275 5.008998 4.418969
v -4.890216 3.830780 5.670125
v -2.684411 2.066020 5.811703
v -1.661470 3.244239 4.560546
v -3.274668 3.400460 3.388716
v -4.297609 2.222242 4.639873
vn -0.2963 0.8043 0.5151
vn 0.2963 -0.8043 -0.5151
vn 0.8066 -0.0781 0.5859
vn 0.5115 0.5891 -0.6256
vn -0.8066 0.0781 -0.5859
vn -0.5115 -0.5891 0.6256
usemtl Material.008
s off
f 69//50 70//50 71//50 72//50
f 73//51 76//51 75//51 74//51
f 69//52 73//52 74//52 70//52
f 70//53 74//53 75//53 71//53
f 71//54 75//54 76//54 72//54
f 73//55 69//55 72//55 76//55
o Cube.009
v -2.091803 0.457481 4.781448
v -1.068862 1.635699 3.530292
v -2.682060 1.791920 2.358462
v -3.705001 0.613702 3.609619
v -1.499195 -1.151058 3.751196
v -0.476255 0.027161 2.500039
v -2.089453 0.183382 1.328209
v -3.112394 -0.994836 2.579366
vn -0.2963 0.8043 0.5151
vn 0.2963 -0.8043 -0.5151
vn 0.8066 -0.0781 0.5859
vn 0.5115 0.5891 -0.6256
vn -0.8066 0.0781 -0.5859
vn -0.5115 -0.5891 0.6256
usemtl Material.009
s off
f 77//56 78//56 79//56 80//56
f 81//57 84//57 83//57 82//57
f 77//58 81//58 82//58 78//58
f 78//59 82//59 83//59 79//59
f 79//60 83//60 84//60 80//60
f 81//61 77//61 80//61 84//61
o Cube.010
v -5.322903 1.318119 9.344269
v -4.299962 2.496337 8.093112
v -5.913160 2.652559 6.921282
v -6.936101 1.474341 8.172439
v -4.730295 -0.290419 8.314016
v -3.707355 0.887799 7.062859
v -5.320553 1.044020 5.891029
v -6.343494 -0.134198 7.142186
vn -0.2963 0.8043 0.5151
vn 0.2963 -0.8043 -0.5151
vn 0.8066 -0.0781 0.5859
vn 0.5115 0.5891 -0.6256
vn -0.8066 0.0781 -0.5859
vn -0.5115 -0.5891 0.6256
usemtl Material.010
s off
f 85//62 86//62 87//62 88//62
f 89//63 92//63 91//63 90//63
f 85//64 89//64 90//64 86//64
f 86//65 90//65 91//65 87//65
f 87//66 91//66 92//66 88//66
f 89//67 85//67 88//67 92//67
o Cube.011
v -4.137687 -1.898958 7.283762
v -3.114745 -0.720740 6.032606
v -4.727943 -0.564518 4.860775
v -5.750885 -1.742737 6.111932
v -3.545079 -3.507497 6.253510
v -2.522138 -2.329278 5.002353
v -4.135336 -2.173057 3.830523
v -5.158278 -3.351275 5.081679
vn -0.2963 0.8043 0.5151
vn 0.2963 -0.8043 -0.5151
vn 0.8066 -0.0781 0.5859
vn 0.5115 0.5891 -0.6256
vn -0.8066 0.0781 -0.5859
vn -0.5115 -0.5891 0.6256
usemtl Material.011
s off
f 93//68 94//68 95//68 96//68
f 97//69 100//69 99//69 98//69
f 93//70 97//70 98//70 94//70
f 94//71 98//71 99//71 95//71
f 95//72 99//72 100//72 96//72
f 97//73 93//73 96//73 100//73
o Cube.012
v -0.050620 3.362114 9.185618
v 0.972321 4.540332 7.934462
v -0.640877 4.696554 6.762631
v -1.663818 3.518336 8.013788
v 0.541988 1.753576 8.155366
v 1.564928 2.931794 6.904209
v -0.048270 3.088015 5.732379
v -1.071211 1.909797 6.983535
vn -0.2963 0.8043 0.5151
vn 0.2963 -0.8043 -0.5151
vn 0.8066 -0.0781 0.5859
vn 0.5115 0.5891 -0.6256
vn -0.8066 0.0781 -0.5859
vn -0.5115 -0.5891 0.6256
usemtl Material.012
s off
f 101//74 102//74 103//74 104//74
f 105//75 108//75 107//75 106//75
f 101//76 105//76 106//76 102//76
f 102//77 106//77 107//77 103//77
f 103//78 107//78 108//78 104//78
f 105//79 101//79 104//79 108//79
o Cube.013
v 1.134595 0.145037 7.125111
v 2.157536 1.323255 5.873954
v 0.544338 1.479477 4.702124
v -0.478603 0.301258 5.953280
v 1.727202 -1.463502 6.094858
v 2.750143 -0.285283 4.843701
v 1.136945 -0.129062 3.671871
v 0.114004 -1.307280 4.923028
vn -0.2963 0.8043 0.5151
vn 0.2963 -0.8043 -0.5151
vn 0.8066 -0.0781 0.5859
vn 0.5115 0.5891 -0.6256
vn -0.8066 0.0781 -0.5859
vn -0.5115 -0.5891 0.6256
usemtl Material.013
s off
f 109//80 110//80 111//80 112//80
f 113//81 116//81 115//81 114//81
f 109//82 113//82 114//82 110//82
f 110//83 114//83 115//83 111//83
f 111//84 115//84 116//84 112//84
f 113//85 109//85 112//85 116//85
o Cube.014
v -2.096505 1.005676 11.687933
v -1.073564 2.183894 10.436776
v -2.686762 2.340116 9.264946
v -3.709703 1.161897 10.516103
v -1.503897 -0.602863 10.657681
v -0.480957 0.575356 9.406524
v -2.094155 0.731577 8.234694
v -3.117096 -0.446641 9.485850
vn -0.2963 0.8043 0.5151
vn 0.2963 -0.8043 -0.5151
vn 0.8066 -0.0781 0.5859
vn 0.5115 0.5891 -0.6256
vn -0.8066 0.0781 -0.5859
vn -0.5115 -0.5891 0.6256
usemtl Material.014
s off
f 117//86 118//86 119//86 120//86
f 121//87 124//87 123//87 122//87
f 117//88 121//88 122//88 118//88
f 118//89 122//89 123//89 119//89
f 119//90 123//90 124//90 120//90
f 121//91 117//91 120//91 124//91
o Cube.015
v -0.911289 -2.211401 9.627426
v 0.111652 -1.033183 8.376269
v -1.501547 -0.876962 7.204439
v -2.524487 -2.055180 8.455596
v -0.318682 -3.819940 8.597174
v 0.704259 -2.641721 7.346016
v -0.908939 -2.485500 6.174187
v -1.931880 -3.663718 7.425343
vn -0.2963 0.8043 0.5151
vn 0.2963 -0.8043 -0.5151
vn 0.8066 -0.0781 0.5859
vn 0.5115 0.5891 -0.6256
vn -0.8066 0.0781 -0.5859
vn -0.5115 -0.5891 0.6256
usemtl Material.015
s off
f 125//92 126//92 127//92 128//92
f 129//93 132//93 131//93 130//93
f 125//94 129//94 130//94 126//94
f 126//95 130//95 131//95 127//95
f 127//96 131//96 132//96 128//96
f 129//97 125//97 128//97 132//97
o Cube.016
v -5.638043 9.012323 -2.849994
v -4.615101 10.190541 -4.101150
v -6.228300 10.346763 -5.272981
v -7.251241 9.168545 -4.021824
v -5.045435 7.403785 -3.880246
v -4.022494 8.582003 -5.131403
v -5.635693 8.738224 -6.303233
v -6.658634 7.560006 -5.052077
vn -0.2963 0.8043 0.5151
vn 0.2963 -0.8043 -0.5151
vn 0.8066 -0.0781 0.5859
vn 0.5115 0.5891 -0.6256
vn -0.8066 0.0781 -0.5859
vn -0.5115 -0.5891 0.6256
usemtl Material.016
s off
f 133//98 134//98 135//98 136//98
f 137//99 140//99 139//99 138//99
f 133//100 137//100 138//100 134//100
f 134//101 138//101 139//101 135//101
f 135//102 139//102 140//102 136//102
f 137//103 133//103 136//103 140//103
o Cube.017
v -4.452827 5.795247 -4.910500
v -3.429885 6.973465 -6.161656
v -5.043084 7.129686 -7.333487
v -6.066025 5.951468 -6.082330
v -3.860219 4.186708 -5.940752
v -2.837278 5.364927 -7.191909
v -4.450477 5.521148 -8.363739
v -5.473418 4.342930 -7.112583
vn -0.2963 0.8043 0.5151
vn 0.2963 -0.8043 -0.5151
vn 0.8066 -0.0781 0.5859
vn 0.5115 0.5891 -0.6256
vn -0.8066 0.0781 -0.5859
vn -0.5115 -0.5891 0.6256
usemtl Material.017
s off
f 141//104 142//104 143//104 144//104
f 145//105 148//105 147//105 146//105
f 141//106 145//106 146//106 142//106
f 142//107 146//107 147//107 143//107
f 143//108 147//108 148//108 144//108
f 145//109 141//109 144//109 148//109
o Cube.018
v -7.683927 6.655884 -0.347681
v -6.660985 7.834102 -1.598837
v -8.274184 7.990324 -2.770668
v -9.297125 6.812105 -1.519511
v -7.091319 5.047346 -1.377933
v -6.068378 6.225564 -2.629091
v -7.681577 6.381785 -3.800920
v -8.704517 5.203567 -2.549764
vn -0.2963 0.8043 0.5151
vn 0.2963 -0.8043 -0.5151
vn 0.8066 -0.0781 0.5859
vn 0.5115 0.5891 -0.6256
vn -0.8066 0.0781 -0.5859
vn -0.5115 -0.5891 0.6256
usemtl Material.018
s off
f 149//110 150//110 151//110 152//110
f 153//111 156//111 155//111 154//111
f 149//112 153//112 154//112 150//112
f 150//113 154//113 155//113 151//113
f 151//114 155//114 156//114 152//114
f 153//115 149//115 152//115 156//115
o Cube.019
v -6.498713 3.438807 -2.408187
v -5.475771 4.617025 -3.659344
v -7.088970 4.773247 -4.831174
v -8.111911 3.595028 -3.580017
v -5.906105 1.830269 -3.438440
v -4.883164 3.008487 -4.689597
v -6.496363 3.164708 -5.861427
v -7.519304 1.986490 -4.610271
vn -0.2963 0.8043 0.5151
vn 0.2963 -0.8043 -0.5151
vn 0.8066 -0.0781 0.5859
vn 0.5115 0.5891 -0.6256
vn -0.8066 0.0781 -0.5859
vn -0.5115 -0.5891 0.6256
usemtl Material.019
s off
f 157//116 158//116 159//116 160//116
f 161//117 164//117 163//117 162//117
f 157//118 161//118 162//118 158//118
f 158//119 162//119 163//119 159//119
f 159//120 163//120 164//120 160//120
f 161//121 157//121 160//121 164//121
o Cube.020
v -2.411647 8.699879 -0.506332
v -1.388705 9.878097 -1.757489
v -3.001904 10.034318 -2.929319
v -4.024845 8.856100 -1.678162
v -1.819039 7.091340 -1.536585
v -0.796098 8.269558 -2.787742
v -2.409297 8.425779 -3.959572
v -3.432238 7.247561 -2.708416
vn -0.2963 0.8043 0.5151
vn 0.2963 -0.8043 -0.5151
vn 0.8066 -0.0781 0.5859
vn 0.5115 0.5891 -0.6256
vn -0.8066 0.0781 -0.5859
vn -0.5115 -0.5891 0.6256
usemtl Material.020
s off
f 165//122 166//122 167//122 168//122
f 169//123 172//123 171//123 170//123
f 165//124 169//124 170//124 166//124
f 166//125 170//125 171//125 167//125
f 167//126 171//126 172//126 168//126
f 169//127 165//127 168//127 172//127
o Cube.021
v -1.226431 5.482800 -2.566838
v -0.203490 6.661019 -3.817995
v -1.816688 6.817241 -4.989825
v -2.839629 5.639022 -3.738668
v -0.633824 3.874262 -3.597091
v 0.389117 5.052481 -4.848248
v -1.224081 5.208702 -6.020078
v -2.247022 4.030484 -4.768921
vn -0.2963 0.8043 0.5151
vn 0.2963 -0.8043 -0.5151
vn 0.8066 -0.0781 0.5859
vn 0.5115 0.5891 -0.6256
vn -0.8066 0.0781 -0.5859
vn -0.5115 -0.5891 0.6256
usemtl Material.021
s off
f 173//128 174//128 175//128 176//128
f 177//129 180//129 179//129 178//129
f 173//130 177//130 178//130 174//130
f 174//131 178//131 179//131 175//131
f 175//132 179//132 180//132 176//132
f 177//133 173//133 176//133 180//133
o Cube.022
v -4.457530 6.343441 1.995980
v -3.434589 7.521659 0.744824
v -5.047787 7.677880 -0.427007
v -6.070728 6.499662 0.824150
v -3.864923 4.734902 0.965728
v -2.841982 5.913121 -0.285429
v -4.455180 6.069342 -1.457259
v -5.478121 4.891124 -0.206103
vn -0.2963 0.8043 0.5151
vn 0.2963 -0.8043 -0.5151
vn 0.8066 -0.0781 0.5859
vn 0.5115 0.5891 -0.6256
vn -0.8066 0.0781 -0.5859
vn -0.5115 -0.5891 0.6256
usemtl Material.022
s off
f 181//134 182//134 183//134 184//134
f 185//135 188//135 187//135 186//135
f 181//136 185//136 186//136 182//136
f 182//137 186//137 187//137 183//137
f 183//138 187//138 188//138 184//138
f 185//139 181//139 184//139 188//139
o Cube.023
v -3.272315 3.126363 -0.064526
v -2.249374 4.304581 -1.315682
v -3.862572 4.460803 -2.487513
v -4.885513 3.282584 -1.236356
v -2.679708 1.517824 -1.094778
v -1.656767 2.696043 -2.345935
v -3.269965 2.852264 -3.517766
v -4.292906 1.674046 -2.266609
vn -0.2963 0.8043 0.5151
vn 0.2963 -0.8043 -0.5151
vn 0.8066 -0.0781 0.5859
vn 0.5115 0.5891 -0.6256
vn -0.8066 0.0781 -0.5859
vn -0.5115 -0.5891 0.6256
usemtl Material.023
s off
f 189//140 190//140 191//140 192//140
f 193//141 196//141 195//141 194//141
f 189//142 193//142 194//142 190//142
f 190//143 194//143 195//143 191//143
f 191//144 195//144 196//144 192//144
f 193//145 189//145 192//145 196//145
o Cube.024
v 0.814750 8.387436 1.837330
v 1.837691 9.565654 0.586173
v 0.224493 9.721875 -0.585657
v -0.798448 8.543657 0.665500
v 1.407357 6.778897 0.807077
v 2.430298 7.957116 -0.444080
v 0.817100 8.113337 -1.615910
v -0.205841 6.935119 -0.364753
vn -0.2963 0.8043 0.5151
vn 0.2963 -0.8043 -0.5151
vn 0.8066 -0.0781 0.5859
vn 0.5115 0.5891 -0.6256
vn -0.8066 0.0781 -0.5859
vn -0.5115 -0.5891 0.6256
usemtl Material.024
s off
f 197//146 198//146 199//146 200//146
f 201//147 204//147 203//147 202//147
f 197//148 201//148 202//148 198//148
f 198//149 202//149 203//149 199//149
f 199//150 203//150 204//150 200//150
f 201//151 197//151 200//151 204//151
o Cube.025
v 1.999965 5.170358 -0.223177
v 3.022907 6.348576 -1.474334
v 1.409708 6.504798 -2.646164
v 0.386767 5.326579 -1.395007
v 2.592573 3.561820 -1.253430
v 3.615514 4.740038 -2.504587
v 2.002315 4.896259 -3.676417
v 0.979375 3.718041 -2.425260
vn -0.2963 0.8043 0.5151
vn 0.2963 -0.8043 -0.5151
vn 0.8066 -0.0781 0.5859
vn 0.5115 0.5891 -0.6256
vn -0.8066 0.0781 -0.5859
vn -0.5115 -0.5891 0.6256
usemtl Material.025
s off
f 205//152 206//152 207//152 208//152
f 209//153 212//153 211//153 210//153
f 205//154 209//154 210//154 206//154
f 206//155 210//155 211//155 207//155
f 207//156 211//156 212//156 208//156
f 209//157 205//157 208//157 212//157
o Cube.026
v -1.231134 6.030996 4.339642
v -0.208193 7.209214 3.088486
v -1.821391 7.365436 1.916655
v -2.844332 6.187218 3.167812
v -0.638526 4.422458 3.309390
v 0.384414 5.600676 2.058232
v -1.228784 5.756897 0.886402
v -2.251725 4.578679 2.137559
vn -0.2963 0.8043 0.5151
vn 0.2963 -0.8043 -0.5151
vn 0.8066 -0.0781 0.5859
vn 0.5115 0.5891 -0.6256
vn -0.8066 0.0781 -0.5859
vn -0.5115 -0.5891 0.6256
usemtl Material.026
s off
f 213//158 214//158 215//158 216//158
f 217//159 220//159 219//159 218//159
f 213//160 217//160 218//160 214//160
f 214//161 218//161 219//161 215//161
f 215//162 219//162 220//162 216//162
f 217//163 213//163 216//163 220//163
o Cube.027
v -0.045919 2.813919 2.279136
v 0.977023 3.992137 1.027979
v -0.636176 4.148359 -0.143851
v -1.659117 2.970141 1.107306
v 0.546689 1.205381 1.248883
v 1.569630 2.383599 -0.002274
v -0.043569 2.539820 -1.174104
v -1.066510 1.361602 0.077053
vn -0.2963 0.8043 0.5151
vn 0.2963 -0.8043 -0.5151
vn 0.8066 -0.0781 0.5859
vn 0.5115 0.5891 -0.6256
vn -0.8066 0.0781 -0.5859
vn -0.5115 -0.5891 0.6256
usemtl Material.027
s off
f 221//164 222//164 223//164 224//164
f 225//165 228//165 227//165 226//165
f 221//166 225//166 226//166 222//166
f 222//167 226//167 227//167 223//167
f 223//168 227//168 228//168 224//168
f 225//169 221//169 224//169 228//169
o Cube.028
v 4.041146 8.074991 4.180993
v 5.064088 9.253210 2.929837
v 3.450890 9.409431 1.758006
v 2.427948 8.231213 3.009163
v 4.633754 6.466453 3.150740
v 5.656695 7.644671 1.899583
v 4.043497 7.800892 0.727753
v 3.020555 6.622674 1.978910
vn -0.2963 0.8043 0.5151
vn 0.2963 -0.8043 -0.5151
vn 0.8066 -0.0781 0.5859
vn 0.5115 0.5891 -0.6256
vn -0.8066 0.0781 -0.5859
vn -0.5115 -0.5891 0.6256
usemtl Material.028
s off
f 229//170 230//170 231//170 232//170
f 233//171 236//171 235//171 234//171
f 229//172 233//172 234//172 230//172
f 230//173 234//173 235//173 231//173
f 231//174 235//174 236//174 232//174
f 233//175 229//175 232//175 236//175
o Cube.029
v 5.226361 4.857914 2.120485
v 6.249303 6.036132 0.869329
v 4.636105 6.192354 -0.302502
v 3.613163 5.014135 0.948655
v 5.818969 3.249376 1.090233
v 6.841910 4.427594 -0.160924
v 5.228712 4.583815 -1.332754
v 4.205770 3.405597 -0.081598
vn -0.2963 0.8043 0.5151
vn 0.2963 -0.8043 -0.5151
vn 0.8066 -0.0781 0.5859
vn 0.5115 0.5891 -0.6256
vn -0.8066 0.0781 -0.5859
vn -0.5115 -0.5891 0.6256
usemtl Material.029
s off
f 237//176 238//176 239//176 240//176
f 241//177 244//177 243//177 242//177
f 237//178 241//178 242//178 238//178
f 238//179 242//179 243//179 239//179
f 239//180 243//180 244//180 240//180
f 241//181 237//181 240//181 244//181
o Cube.030
v 1.995263 5.718553 6.683304
v 3.018204 6.896771 5.432148
v 1.405006 7.052993 4.260317
v 0.382065 5.874774 5.511474
v 2.587871 4.110014 5.653051
v 3.610811 5.288233 4.401894
v 1.997613 5.444454 3.230064
v 0.974672 4.266236 4.481221
vn -0.2963 0.8043 0.5151
vn 0.2963 -0.8043 -0.5151
vn 0.8066 -0.0781 0.5859
vn 0.5115 0.5891 -0.6256
vn -0.8066 0.0781 -0.5859
vn -0.5115 -0.5891 0.6256
usemtl Material.030
s off
f 245//182 246//182 247//182 248//182
f 249//183 252//183 251//183 250//183
f 245//184 249//184 250//184 246//184
f 246//185 250//185 251//185 247//185
f 247//186 251//186 252//186 248//186
f 249//187 245//187 248//187 252//187
o Cube.031
v 3.180479 2.501476 4.622798
v 4.203420 3.679694 3.371641
v 2.590222 3.835916 2.199811
v 1.567281 2.657697 3.450968
v 3.773087 0.892937 3.592545
v 4.796027 2.071156 2.341388
v 3.182829 2.227377 1.169558
v 2.159888 1.049159 2.420715
vn -0.2963 0.8043 0.5151
vn 0.2963 -0.8043 -0.5151
vn 0.8066 -0.0781 0.5859
vn 0.5115 0.5891 -0.6256
vn -0.8066 0.0781 -0.5859
vn -0.5115 -0.5891 0.6256
usemtl Material.031
s off
f 253//188 254//188 255//188 256//188
f 257//189 260//189 259//189 258//189
f 253//190 257//190 258//190 254//190
f 254//191 258//191 259//191 255//191
f 255//192 259//192 260//192 256//192
f 257//193 253//193 256//193 260//193
o Cube.032
v -7.359381 -2.134709 -1.966380
v -6.336439 -0.956491 -3.217536
v -7.949637 -0.800269 -4.389367
v -8.972578 -1.978487 -3.138210
v -6.766773 -3.743248 -2.996633
v -5.743832 -2.565029 -4.247790
v -7.357030 -2.408808 -5.419620
v -8.379972 -3.587026 -4.168463
vn -0.2963 0.8043 0.5151
vn 0.2963 -0.8043 -0.5151
vn 0.8066 -0.0781 0.5859
vn 0.5115 0.5891 -0.6256
vn -0.8066 0.0781 -0.5859
vn -0.5115 -0.5891 0.6256
usemtl Material.032
s off
f 261//194 262//194 263//194 264//194
f 265//195 268//195 267//195 266//195
f 261//196 265//196 266//196 262//196
f 262//197 266//197 267//197 263//197
f 263//198 267//198 268//198 264//198
f 265//199 261//199 264//199 268//199
o Cube.033
v -6.174166 -5.351786 -4.026886
v -5.151224 -4.173568 -5.278043
v -6.764422 -4.017346 -6.449873
v -7.787364 -5.195564 -5.198717
v -5.581558 -6.960324 -5.057139
v -4.558617 -5.782106 -6.308296
v -6.171815 -5.625885 -7.480126
v -7.194757 -6.804103 -6.228970
vn -0.2963 0.8043 0.5151
vn 0.2963 -0.8043 -0.5151
vn 0.8066 -0.0781 0.5859
vn 0.5115 0.5891 -0.6256
vn -0.8066 0.0781 -0.5859
vn -0.5115 -0.5891 0.6256
usemtl Material.033
s off
f 269//200 270//200 271//200 272//200
f 273//201 276//201 275//201 274//201
f 269//202 273//202 274//202 270//202
f 270//203 274//203 275//203 271//203
f 271//204 275//204 276//204 272//204
f 273//205 269//205 272//205 276//205
o Cube.034
v -9.405264 -4.491148 0.535933
v -8.382323 -3.312930 -0.715224
v -9.995522 -3.156708 -1.887054
v -11.018462 -4.334927 -0.635897
v -8.812656 -6.099686 -0.494320
v -7.789716 -4.921468 -1.745477
v -9.402914 -4.765247 -2.917307
v -10.425855 -5.943465 -1.666150
vn -0.2963 0.8043 0.5151
vn 0.2963 -0.8043 -0.5151
vn 0.8066 -0.0781 0.5859
vn 0.5115 0.5891 -0.6256
vn -0.8066 0.0781 -0.5859
vn -0.5115 -0.5891 0.6256
usemtl Material.034
s off
f 277//206 278//206 279//206 280//206
f 281//207 284//207 283//207 282//207
f 277//208 281//208 282//208 278//208
f 278//209 282//209 283//209 279//209
f 279//210 283//210 284//210 280//210
f 281//211 277//211 280//211 284//211
o Cube.035
v -8.220049 -7.708225 -1.524573
v -7.197108 -6.530007 -2.775730
v -8.810307 -6.373785 -3.947560
v -9.833247 -7.552004 -2.696403
v -7.627441 -9.316764 -2.554826
v -6.604501 -8.138545 -3.805983
v -8.217699 -7.982324 -4.977813
v -9.240640 -9.160542 -3.726656
vn -0.2963 0.8043 0.5151
vn 0.2963 -0.8043 -0.5151
vn 0.8066 -0.0781 0.5859
vn 0.5115 0.5891 -0.6256
vn -0.8066 0.0781 -0.5859
vn -0.5115 -0.5891 0.6256
usemtl Material.035
s off
f 285//212 286//212 287//212 288//212
f 289//213 292//213 291//213 290//213
f 285//214 289//214 290//214 286//214
f 286//215 290//215 291//215 287//215
f 287//216 291//216 292//216 288//216
f 289//217 285//217 288//217 292//217
o Cube.036
v -4.132985 -2.447152 0.377281
v -3.110043 -1.268934 -0.873876
v -4.723241 -1.112713 -2.045706
v -5.746182 -2.290931 -0.794549
v -3.540377 -4.055691 -0.652972
v -2.517436 -2.877472 -1.904129
v -4.130634 -2.721251 -3.075959
v -5.153575 -3.899469 -1.824802
vn -0.2963 0.8043 0.5151
vn 0.2963 -0.8043 -0.5151
vn 0.8066 -0.0781 0.5859
vn 0.5115 0.5891 -0.6256
vn -0.8066 0.0781 -0.5859
vn -0.5115 -0.5891 0.6256
usemtl Material.036
s off
f 293//218 294//218 295//218 296//218
f 297//219 300//219 299//219 298//219
f 293//220 297//220 298//220 294//220
f 294//221 298//221 299//221 295//221
f 295//222 299//222 300//222 296//222
f 297//223 293//223 296//223 300//223
o Cube.037
v -2.947770 -5.664231 -1.683225
v -1.924828 -4.486012 -2.934382
v -3.538027 -4.329791 -4.106212
v -4.560967 -5.508009 -2.855055
v -2.355162 -7.272769 -2.713478
v -1.332221 -6.094551 -3.964635
v -2.945420 -5.938330 -5.136465
v -3.968360 -7.116548 -3.885308
vn -0.2963 0.8043 0.5151
vn 0.2963 -0.8043 -0.5151
vn 0.8066 -0.0781 0.5859
vn 0.5115 0.5891 -0.6256
vn -0.8066 0.0781 -0.5859
vn -0.5115 -0.5891 0.6256
usemtl Material.037
s off
f 301//224 302//224 303//224 304//224
f 305//225 308//225 307//225 306//225
f 301//226 305//226 306//226 302//226
f 302//227 306//227 307//227 303//227
f 303//228 307//228 308//228 304//228
f 305//229 301//229 304//229 308//229
o Cube.038
v -6.178869 -4.803592 2.879594
v -5.155927 -3.625373 1.628438
v -6.769125 -3.469152 0.456607
v -7.792067 -4.647370 1.707764
v -5.586261 -6.412130 1.849342
v -4.563320 -5.233912 0.598184
v -6.176518 -5.077691 -0.573646
v -7.199460 -6.255908 0.677511
vn -0.2963 0.8043 0.5151
vn 0.2963 -0.8043 -0.5151
vn 0.8066 -0.0781 0.5859
vn 0.5115 0.5891 -0.6256
vn -0.8066 0.0781 -0.5859
vn -0.5115 -0.5891 0.6256
usemtl Material.038
s off
f 309//230 310//230 311//230 312//230
f 313//231 316//231 315//231 314//231
f 309//232 313//232 314//232 310//232
f 310//233 314//233 315//233 311//233
f 311//234 315//234 316//234 312//234
f 313//235 309//235 312//235 316//235
o Cube.039
v -4.993653 -8.020668 0.819088
v -3.970712 -6.842450 -0.432069
v -5.583910 -6.686229 -1.603899
v -6.606851 -7.864447 -0.352742
v -4.401045 -9.629207 -0.211165
v -3.378105 -8.450989 -1.462322
v -4.991303 -8.294767 -2.634152
v -6.014244 -9.472985 -1.382995
vn -0.2963 0.8043 0.5151
vn 0.2963 -0.8043 -0.5151
vn 0.8066 -0.0781 0.5859
vn 0.5115 0.5891 -0.6256
vn -0.8066 0.0781 -0.5859
vn -0.5115 -0.5891 0.6256
usemtl Material.039
s off
f 317//236 318//236 319//236 320//236
f 321//237 324//237 323//237 322//237
f 317//238 321//238 322//238 318//238
f 318//239 322//239 323//239 319//239
f 319//240 323//240 324//240 320//240
f 321//241 317//241 320//241 324//241
o Cube.040
v -0.906588 -2.759596 2.720943
v 0.116354 -1.581378 1.469786
v -1.496845 -1.425157 0.297956
v -2.519786 -2.603375 1.549113
v -0.313980 -4.368135 1.690690
v 0.708961 -3.189916 0.439533
v -0.904238 -3.033695 -0.732297
v -1.927179 -4.211913 0.518860
vn -0.2963 0.8043 0.5151
vn 0.2963 -0.8043 -0.5151
vn 0.8066 -0.0781 0.5859
vn 0.5115 0.5891 -0.6256
vn -0.8066 0.0781 -0.5859
vn -0.5115 -0.5891 0.6256
usemtl Material.040
s off
f 325//242 326//242 327//242 328//242
f 329//243 332//243 331//243 330//243
f 325//244 329//244 330//244 326//244
f 326//245 330//245 331//245 327//245
f 327//246 331//246 332//246 328//246
f 329//247 325//247 328//247 332//247
o Cube.041
v 0.278627 -5.976674 0.660437
v 1.301568 -4.798456 -0.590720
v -0.311630 -4.642234 -1.762550
v -1.334571 -5.820453 -0.511393
v 0.871235 -7.585212 -0.369816
v 1.894175 -6.406994 -1.620973
v 0.280977 -6.250773 -2.792803
v -0.741964 -7.428991 -1.541646
vn -0.2963 0.8043 0.5151
vn 0.2963 -0.8043 -0.5151
vn 0.8066 -0.0781 0.5859
vn 0.5115 0.5891 -0.6256
vn -0.8066 0.0781 -0.5859
vn -0.5115 -0.5891 0.6256
usemtl Material.041
s off
f 333//248 334//248 335//248 336//248
f 337//249 340//249 339//249 338//249
f 333//250 337//250 338//250 334//250
f 334//251 338//251 339//251 335//251
f 335//252 339//252 340//252 336//252
f 337//253 333//253 336//253 340//253
o Cube.042
v -2.952471 -5.116036 5.223256
v -1.929530 -3.937818 3.972099
v -3.542728 -3.781596 2.800269
v -4.565670 -4.959814 4.051425
v -2.359864 -6.724574 4.193003
v -1.336923 -5.546356 2.941846
v -2.950122 -5.390135 1.770016
v -3.973063 -6.568353 3.021173
vn -0.2963 0.8043 0.5151
vn 0.2963 -0.8043 -0.5151
vn 0.8066 -0.0781 0.5859
vn 0.5115 0.5891 -0.6256
vn -0.8066 0.0781 -0.5859
vn -0.5115 -0.5891 0.6256
usemtl Material.042
s off
f 341//254 342//254 343//254 344//254
f 345//255 348//255 347//255 346//255
f 341//256 345//256 346//256 342//256
f 342//257 346//257 347//257 343//257
f 343//258 347//258 348//258 344//258
f 345//259 341//259 344//259 348//259
o Cube.043
v -1.767256 -8.333113 3.162750
v -0.744315 -7.154895 1.911593
v -2.357513 -6.998673 0.739763
v -3.380455 -8.176891 1.990920
v -1.174649 -9.941651 2.132497
v -0.151708 -8.763433 0.881340
v -1.764907 -8.607212 -0.290490
v -2.787848 -9.785430 0.960667
vn -0.2963 0.8043 0.5151
vn 0.2963 -0.8043 -0.5151
vn 0.8066 -0.0781 0.5859
vn 0.5115 0.5891 -0.6256
vn -0.8066 0.0781 -0.5859
vn -0.5115 -0.5891 0.6256
usemtl Material.043
s off
f 349//260 350//260 351//260 352//260
f 353//261 356//261 355//261 354//261
f 349//262 353//262 354//262 350//262
f 350//263 354//263 355//263 351//263
f 351//264 355//264 356//264 352//264
f 353//265 349//265 352//265 356//265
o Cube.044
v 2.319810 -3.072040 5.064605
v 3.342751 -1.893822 3.813448
v 1.729553 -1.737601 2.641618
v 0.706612 -2.915819 3.892775
v 2.912417 -4.680579 4.034352
v 3.935358 -3.502360 2.783195
v 2.322160 -3.346139 1.611365
v 1.299219 -4.524357 2.862522
vn -0.2963 0.8043 0.5151
vn 0.2963 -0.8043 -0.5151
vn 0.8066 -0.0781 0.5859
vn 0.5115 0.5891 -0.6256
vn -0.8066 0.0781 -0.5859
vn -0.5115 -0.5891 0.6256
usemtl Material.044
s off
f 357//266 358//266 359//266 360//266
f 361//267 364//267 363//267 362//267
f 357//268 361//268 362//268 358//268
f 358//269 362//269 363//269 359//269
f 359//270 363//270 364//270 360//270
f 361//271 357//271 360//271 364//271
o Cube.045
v 3.505025 -6.289117 3.004098
v 4.527966 -5.110899 1.752942
v 2.914768 -4.954678 0.581111
v 1.891827 -6.132895 1.832268
v 4.097632 -7.897655 1.973845
v 5.120573 -6.719437 0.722688
v 3.507375 -6.563216 -0.449142
v 2.484434 -7.741434 0.802015
vn -0.2963 0.8043 0.5151
vn 0.2963 -0.8043 -0.5151
vn 0.8066 -0.0781 0.5859
vn 0.5115 0.5891 -0.6256
vn -0.8066 0.0781 -0.5859
vn -0.5115 -0.5891 0.6256
usemtl Material.045
s off
f 365//272 366//272 367//272 368//272
f 369//273 372//273 371//273 370//273
f 365//274 369//274 370//274 366//274
f 366//275 370//275 371//275 367//275
f 367//276 371//276 372//276 368//276
f 369//277 365//277 368//277 372//277
o Cube.046
v 0.273925 -5.428478 7.566917
v 1.296866 -4.250260 6.315761
v -0.316332 -4.094038 5.143930
v -1.339273 -5.272257 6.395087
v 0.866532 -7.037016 6.536665
v 1.889473 -5.858798 5.285508
v 0.276275 -5.702577 4.113678
v -0.746666 -6.880795 5.364834
vn -0.2963 0.8043 0.5151
vn 0.2963 -0.8043 -0.5151
vn 0.8066 -0.0781 0.5859
vn 0.5115 0.5891 -0.6256
vn -0.8066 0.0781 -0.5859
vn -0.5115 -0.5891 0.6256
usemtl Material.046
s off
f 373//278 374//278 375//278 376//278
f 377//279 380//279 379//279 378//279
f 373//280 377//280 378//280 374//280
f 374//281 378//281 379//281 375//281
f 375//282 379//282 380//282 376//282
f 377//283 373//283 376//283 380//283
o Cube.047
v 1.459141 -8.645555 5.506412
v 2.482082 -7.467338 4.255255
v 0.868884 -7.311116 3.083425
v -0.154057 -8.489334 4.334581
v 2.051749 -10.254094 4.476159
v 3.074689 -9.075876 3.225002
v 1.461491 -8.919655 2.053172
v 0.438550 -10.097873 3.304328
vn -0.2963 0.8043 0.5151
vn 0.2963 -0.8043 -0.5151
vn 0.8066 -0.0781 0.5859
vn 0.5115 0.5891 -0.6256
vn -0.8066 0.0781 -0.5859
vn -0.5115 -0.5891 0.6256
usemtl Material.047
s off
f 381//284 382//284 383//284 384//284
f 385//285 388//285 387//285 386//285
f 381//286 385//286 386//286 382//286
f 382//287 386//287 387//287 383//287
f 383//288 387//288 388//288 384//288
f 385//289 381//289 384//289 388//289
o Cube.048
v -3.267613 2.578169 -6.971007
v -2.244672 3.756387 -8.222164
v -3.857870 3.912609 -9.393994
v -4.880811 2.734390 -8.142838
v -2.675005 0.969630 -8.001260
v -1.652065 2.147849 -9.252417
v -3.265263 2.304070 -10.424247
v -4.288204 1.125852 -9.173090
vn -0.2963 0.8043 0.5151
vn 0.2963 -0.8043 -0.5151
vn 0.8066 -0.0781 0.5859
vn 0.5115 0.5891 -0.6256
vn -0.8066 0.0781 -0.5859
vn -0.5115 -0.5891 0.6256
usemtl Material.048
s off
f 389//290 390//290 391//290 392//290
f 393//291 396//291 395//291 394//291
f 389//292 393//292 394//292 390//292
f 390//293 394//293 395//293 391//293
f 391//294 395//294 396//294 392//294
f 393//295 389//295 392//295 396//295
o Cube.049
v -2.082397 -0.638909 -9.031511
v -1.059456 0.539309 -10.282668
v -2.672655 0.695531 -11.454498
v -3.695596 -0.482687 -10.203341
v -1.489790 -2.247447 -10.061764
v -0.466849 -1.069229 -11.312921
v -2.080048 -0.913008 -12.484751
v -3.102988 -2.091226 -11.233594
vn -0.2963 0.8043 0.5151
vn 0.2963 -0.8043 -0.5151
vn 0.8066 -0.0781 0.5859
vn 0.5115 0.5891 -0.6256
vn -0.8066 0.0781 -0.5859
vn -0.5115 -0.5891 0.6256
usemtl Material.049
s off
f 397//296 398//296 399//296 400//296
f 401//297 404//297 403//297 402//297
f 397//298 401//298 402//298 398//298
f 398//299 402//299 403//299 399//299
f 399//300 403//300 404//300 400//300
f 401//301 397//301 400//301 404//301
o Cube.050
v -5.313497 0.221729 -4.468693
v -4.290555 1.399947 -5.719850
v -5.903753 1.556169 -6.891680
v -6.926694 0.377951 -5.640523
v -4.720889 -1.386809 -5.498946
v -3.697948 -0.208591 -6.750103
v -5.311146 -0.052370 -7.921933
v -6.334087 -1.230588 -6.670776
vn -0.2963 0.8043 0.5151
vn 0.2963 -0.8043 -0.5151
vn 0.8066 -0.0781 0.5859
vn 0.5115 0.5891 -0.6256
vn -0.8066 0.0781 -0.5859
vn -0.5115 -0.5891 0.6256
usemtl Material.050
s off
f 405//302 406//302 407//302 408//302
f 409//303 412//303 411//303 410//303
f 405//304 409//304 410//304 406//304
f 406//305 410//305 411//305 407//305
f 407//306 411//306 412//306 408//306
f 409//307 405//307 408//307 412//307
o Cube.051
v -4.128282 -2.995348 -6.529202
v -3.105340 -1.817130 -7.780358
v -4.718539 -1.660908 -8.952188
v -5.741480 -2.839127 -7.701032
v -3.535674 -4.603887 -7.559454
v -2.512733 -3.425668 -8.810611
v -4.125932 -3.269447 -9.982441
v -5.148873 -4.447665 -8.731284
vn -0.2963 0.8043 0.5151
vn 0.2963 -0.8043 -0.5151
vn 0.8066 -0.0781 0.5859
vn 0.5115 0.5891 -0.6256
vn -0.8066 0.0781 -0.5859
vn -0.5115 -0.5891 0.6256
usemtl Material.051
s off
f 413//308 414//308 415//308 416//308
f 417//309 420//309 419//309 418//309
f 413//310 417//310 418//310 414//310
f 414//311 418//311 419//311 415//311
f 415//312 419//312 420//312 416//312
f 417//313 413//313 416//313 420//313
o Cube.052
v -0.041217 2.265724 -4.627346
v 0.981725 3.443943 -5.878502
v -0.631474 3.600164 -7.050333
v -1.654415 2.421946 -5.799176
v 0.551391 0.657186 -5.657598
v 1.574332 1.835404 -6.908756
v -0.038867 1.991626 -8.080585
v -1.061808 0.813407 -6.829429
vn -0.2963 0.8043 0.5151
vn 0.2963 -0.8043 -0.5151
vn 0.8066 -0.0781 0.5859
vn 0.5115 0.5891 -0.6256
vn -0.8066 0.0781 -0.5859
vn -0.5115 -0.5891 0.6256
usemtl Material.052
s off
f 421//314 422//314 423//314 424//314
f 425//315 428//315 427//315 426//315
f 421//316 425//316 426//316 422//316
f 422//317 426//317 427//317 423//317
f 423//318 427//318 428//318 424//318
f 425//319 421//319 424//319 428//319
o Cube.053
v 1.144000 -0.951353 -6.687851
v 2.166941 0.226865 -7.939007
v 0.553743 0.383087 -9.110838
v -0.469198 -0.795131 -7.859681
v 1.736607 -2.559891 -7.718103
v 2.759548 -1.381673 -8.969260
v 1.146350 -1.225452 -10.141090
v 0.123409 -2.403670 -8.889934
vn -0.2963 0.8043 0.5151
vn 0.2963 -0.8043 -0.5151
vn 0.8066 -0.0781 0.5859
vn 0.5115 0.5891 -0.6256
vn -0.8066 0.0781 -0.5859
vn -0.5115 -0.5891 0.6256
usemtl Material.053
s off
f 429//320 430//320 431//320 432//320
f 433//321 436//321 435//321 434//321
f 429//322 433//322 434//322 430//322
f 430//323 434//323 435//323 431//323
f 431//324 435//324 436//324 432//324
f 433//325 429//325 432//325 436//325
o Cube.054
v -2.087100 -0.090714 -2.125032
v -1.064159 1.087504 -3.376189
v -2.677357 1.243726 -4.548019
v -3.700298 0.065507 -3.296862
v -1.494492 -1.699253 -3.155285
v -0.471552 -0.521034 -4.406442
v -2.084750 -0.364813 -5.578272
v -3.107691 -1.543031 -4.327116
vn -0.2963 0.8043 0.5151
vn 0.2963 -0.8043 -0.5151
vn 0.8066 -0.0781 0.5859
vn 0.5115 0.5891 -0.6256
vn -0.8066 0.0781 -0.5859
vn -0.5115 -0.5891 0.6256
usemtl Material.054
s off
f 437//326 438//326 439//326 440//326
f 441//327 444//327 443//327 442//327
f 437//328 441//328 442//328 438//328
f 438//329 442//329 443//329 439//329
f 439//330 443//330 444//330 440//330
f 441//331 437//331 440//331 444//331
o Cube.055
v -0.901885 -3.307791 -4.185539
v 0.121056 -2.129573 -5.436695
v -1.492142 -1.973351 -6.608526
v -2.515083 -3.151570 -5.357369
v -0.309277 -4.916329 -5.215791
v 0.713663 -3.738111 -6.466949
v -0.899535 -3.581890 -7.638779
v -1.922476 -4.760108 -6.387622
vn -0.2963 0.8043 0.5151
vn 0.2963 -0.8043 -0.5151
vn 0.8066 -0.0781 0.5859
vn 0.5115 0.5891 -0.6256
vn -0.8066 0.0781 -0.5859
vn -0.5115 -0.5891 0.6256
usemtl Material.055
s off
f 445//332 446//332 447//332 448//332
f 449//333 452//333 451//333 450//333
f 445//334 449//334 450//334 446//334
f 446//335 450//335 451//335 447//335
f 447//336 451//336 452//336 448//336
f 449//337 445//337 448//337 452//337
o Cube.056
v 3.185180 1.953280 -2.283683
v 4.208122 3.131499 -3.534839
v 2.594923 3.287720 -4.706670
v 1.571982 2.109502 -3.455513
v 3.777788 0.344742 -3.313935
v 4.800729 1.522960 -4.565093
v 3.187530 1.679182 -5.736922
v 2.164589 0.500964 -4.485766
vn -0.2963 0.8043 0.5151
vn 0.2963 -0.8043 -0.5151
vn 0.8066 -0.0781 0.5859
vn 0.5115 0.5891 -0.6256
vn -0.8066 0.0781 -0.5859
vn -0.5115 -0.5891 0.6256
usemtl Material.056
s off
f 453//338 454//338 455//338 456//338
f 457//339 460//339 459//339 458//339
f 453//340 457//340 458//340 454//340
f 454//341 458//341 459//341 455//341
f 455//342 459//342 460//342 456//342
f 457//343 453//343 456//343 460//343
o Cube.057
v 4.370396 -1.263796 -4.344190
v 5.393338 -0.085578 -5.595346
v 3.780139 0.070644 -6.767177
v 2.757198 -1.107575 -5.516020
v 4.963004 -2.872335 -5.374442
v 5.985945 -1.694116 -6.625599
v 4.372746 -1.537895 -7.797429
v 3.349805 -2.716113 -6.546273
vn -0.2963 0.8043 0.5151
vn 0.2963 -0.8043 -0.5151
vn 0.8066 -0.0781 0.5859
vn 0.5115 0.5891 -0.6256
vn -0.8066 0.0781 -0.5859
vn -0.5115 -0.5891 0.6256
usemtl Material.057
s off
f 461//344 462//344 463//344 464//344
f 465//345 468//345 467//345 466//345
f 461//346 465//346 466//346 462//346
f 462//347 466//347 467//347 463//347
f 463//348 467//348 468//348 464//348
f 465//349 461//349 464//349 468//349
o Cube.058
v 1.139296 -0.403158 0.218630
v 2.162238 0.775060 -1.032527
v 0.549039 0.931282 -2.204357
v -0.473902 -0.246937 -0.953200
v 1.731904 -2.011697 -0.811623
v 2.754845 -0.833478 -2.062780
v 1.141646 -0.677257 -3.234610
v 0.118705 -1.855475 -1.983453
vn -0.2963 0.8043 0.5151
vn 0.2963 -0.8043 -0.5151
vn 0.8066 -0.0781 0.5859
vn 0.5115 0.5891 -0.6256
vn -0.8066 0.0781 -0.5859
vn -0.5115 -0.5891 0.6256
usemtl Material.058
s off
f 469//350 470//350 471//350 472//350
f 473//351 476//351 475//351 474//351
f 469//352 473//352 474//352 470//352
f 470//353 474//353 475//353 471//353
f 471//354 475//354 476//354 472//354
f 473//355 469//355 472//355 476//355
o Cube.059
v 2.324511 -3.620236 -1.841877
v 3.347452 -2.442018 -3.093033
v 1.734254 -2.285796 -4.264864
v 0.711313 -3.464014 -3.013707
v 2.917119 -5.228774 -2.872129
v 3.940059 -4.050556 -4.123287
v 2.326861 -3.894335 -5.295116
v 1.303920 -5.072553 -4.043960
vn -0.2963 0.8043 0.5151
vn 0.2963 -0.8043 -0.5151
vn 0.8066 -0.0781 0.5859
vn 0.5115 0.5891 -0.6256
vn -0.8066 0.0781 -0.5859
vn -0.5115 -0.5891 0.6256
usemtl Material.059
s off
f 477//356 478//356 479//356 480//356
f 481//357 484//357 483//357 482//357
f 477//358 481//358 482//358 478//358
f 478//359 482//359 483//359 479//359
f 479//360 483//360 484//360 480//360
f 481//361 477//361 480//361 484//361
o Cube.060
v 6.411577 1.640837 0.059979
v 7.434519 2.819055 -1.191177
v 5.821321 2.975277 -2.363008
v 4.798379 1.797058 -1.111851
v 7.004185 0.032299 -0.970274
v 8.027125 1.210517 -2.221431
v 6.413928 1.366738 -3.393261
v 5.390986 0.188520 -2.142104
vn -0.2963 0.8043 0.5151
vn 0.2963 -0.8043 -0.5151
vn 0.8066 -0.0781 0.5859
vn 0.5115 0.5891 -0.6256
vn -0.8066 0.0781 -0.5859
vn -0.5115 -0.5891 0.6256
usemtl Material.060
s off
f 485//362 486//362 487//362 488//362
f 489//363 492//363 491//363 490//363
f 485//364 489//364 490//364 486//364
f 486//365 490//365 491//365 487//365
