# Blender v2.78 (sub 0) OBJ File: ''
# www.blender.org
mtllib test2.mtl
o Cube.001_Cube.008
v -6.373897 -8.028331 0.456923
v -9.397665 -2.417554 3.689378
v -5.096959 -4.014185 -5.316187
v -8.120727 1.596593 -2.083733
v -0.025746 -6.163241 3.157883
v -3.049514 -0.552464 6.390337
v 1.251192 -2.149095 -2.615227
v -1.772576 3.461682 0.617227
vn -0.8883 -0.2610 -0.3779
vn 0.1787 0.5617 -0.8078
vn 0.8883 0.2610 0.3779
vn -0.1787 -0.5617 0.8078
vn 0.4231 -0.7851 -0.4523
vn -0.4231 0.7851 0.4523
usemtl None
s off
f 1//1 2//1 4//1 3//1
f 3//2 4//2 8//2 7//2
f 7//3 8//3 6//3 5//3
f 5//4 6//4 2//4 1//4
f 3//5 7//5 5//5 1//5
f 8//6 4//6 2//6 6//6
o Cube_Cube.007
v -49.039028 -11.225556 0.992192
v -16.420485 5.656991 51.653851
v -15.937944 28.966681 -33.713665
v 16.680597 45.849228 16.947994
v -7.135058 -56.116066 -11.028345
v 25.483484 -39.233521 39.633312
v 25.966024 -15.923833 -45.734203
v 58.584568 0.958714 4.927456
vn -0.6697 0.7174 0.1921
vn 0.5290 0.6423 -0.5546
vn 0.6697 -0.7174 -0.1921
vn -0.5290 -0.6423 0.5546
vn -0.5213 -0.2698 -0.8096
vn 0.5213 0.2698 0.8096
usemtl None
s off
f 9//7 10//7 12//7 11//7
f 11//8 12//8 16//8 15//8
f 15//9 16//9 14//9 13//9
f 13//10 14//10 10//10 9//10
f 11//11 15//11 13//11 9//11
f 16//12 12//12 10//12 14//12
o Cube.002_Cube.009
v 0.352643 3.393152 3.048007
v 1.260892 5.473555 0.788330
v -1.251399 1.704870 0.848943
v -0.343150 3.785273 -1.410734
v 2.972045 1.637942 2.484885
v 3.880293 3.718345 0.225207
v 1.368003 -0.050339 0.285820
v 2.276252 2.030063 -1.973857
vn -0.8178 0.5480 0.1758
vn -0.5008 -0.5271 -0.6866
vn 0.8178 -0.5480 -0.1758
vn 0.5008 0.5271 0.6866
vn -0.2836 -0.6495 0.7055
vn 0.2836 0.6495 -0.7055
usemtl None
s off
f 17//13 18//13 20//13 19//13
f 19//14 20//14 24//14 23//14
f 23//15 24//15 22//15 21//15
f 21//16 22//16 18//16 17//16
f 19//17 23//17 21//17 17//17
f 24//18 20//18 18//18 22//18
o Cube.003_Cube.010
v 2.587333 -5.855890 -4.342600
v -4.127749 -6.303876 -0.903195
v 1.882030 1.658527 -4.740870
v -4.833053 1.210540 -1.301465
v 5.983323 -5.181071 2.375615
v -0.731761 -5.629058 5.815020
v 5.278020 2.333345 1.977345
v -1.437063 1.885358 5.416750
vn -0.4493 -0.0893 -0.8889
vn -0.0933 0.9942 -0.0527
vn 0.4493 0.0893 0.8889
vn 0.0933 -0.9942 0.0527
vn 0.8885 0.0593 -0.4551
vn -0.8885 -0.0593 0.4551
usemtl None
s off
f 25//19 26//19 28//19 27//19
f 27//20 28//20 32//20 31//20
f 31//21 32//21 30//21 29//21
f 29//22 30//22 26//22 25//22
f 27//23 31//23 29//23 25//23
f 32//24 28//24 26//24 30//24
o Cube.004_Cube.011
v 6.655814 -12.217819 -13.774287
v 19.323090 -2.978632 -6.259597
v 12.998556 -26.736996 -6.614962
v 25.665833 -17.497808 0.899729
v -3.424005 -9.743185 0.174421
v 9.243271 -0.503998 7.689112
v 2.918738 -24.262362 7.333747
v 15.586014 -15.023174 14.848437
vn 0.5797 -0.1423 -0.8023
vn 0.3648 -0.8351 0.4118
vn -0.5797 0.1423 0.8023
vn -0.3648 0.8351 -0.4118
vn -0.7286 -0.5314 -0.4322
vn 0.7286 0.5314 0.4322
usemtl None
s off
f 33//25 34//25 36//25 35//25
f 35//26 36//26 40//26 39//26
f 39//27 40//27 38//27 37//27
f 37//28 38//28 34//28 33//28
f 35//29 39//29 37//29 33//29
f 40//30 36//30 34//30 38//30
